8.000000000000000000e+00	9.256800000000000000e+04
4.000000000000000000e+00	3.429800000000000000e+05
8.000000000000000000e+00	4.226540000000000000e+05
1.000000000000000000e+00	4.259190000000000000e+05
8.000000000000000000e+00	4.328060000000000000e+05
1.000000000000000000e+00	4.405860000000000000e+05
7.000000000000000000e+00	9.222430000000000000e+05
4.000000000000000000e+00	9.660810000000000000e+05
7.000000000000000000e+00	9.914200000000000000e+05
3.000000000000000000e+00	1.008798000000000000e+06
7.000000000000000000e+00	1.045426000000000000e+06
3.000000000000000000e+00	1.141931000000000000e+06
4.000000000000000000e+00	1.327009000000000000e+06
8.000000000000000000e+00	1.384310000000000000e+06
1.000000000000000000e+00	1.387377000000000000e+06
8.000000000000000000e+00	1.441142000000000000e+06
1.000000000000000000e+00	1.528765000000000000e+06
8.000000000000000000e+00	1.529332000000000000e+06
1.000000000000000000e+00	1.704539000000000000e+06
8.000000000000000000e+00	1.782856000000000000e+06
2.000000000000000000e+00	2.051454000000000000e+06
8.000000000000000000e+00	2.059608000000000000e+06
7.000000000000000000e+00	2.263051000000000000e+06
4.000000000000000000e+00	2.599948000000000000e+06
8.000000000000000000e+00	2.602537000000000000e+06
1.000000000000000000e+00	2.605567000000000000e+06
7.000000000000000000e+00	2.615381000000000000e+06
4.000000000000000000e+00	2.615665000000000000e+06
3.000000000000000000e+00	2.615942000000000000e+06
7.000000000000000000e+00	2.671263000000000000e+06
3.000000000000000000e+00	2.676155000000000000e+06
1.000000000000000000e+00	2.677673000000000000e+06
3.000000000000000000e+00	2.679393000000000000e+06
1.000000000000000000e+00	2.680825000000000000e+06
3.000000000000000000e+00	2.725659000000000000e+06
2.000000000000000000e+00	2.862851000000000000e+06
8.000000000000000000e+00	2.896641000000000000e+06
7.000000000000000000e+00	2.922583000000000000e+06
3.000000000000000000e+00	3.000122000000000000e+06
4.000000000000000000e+00	3.043876000000000000e+06
3.000000000000000000e+00	3.080027000000000000e+06
8.000000000000000000e+00	3.129556000000000000e+06
2.000000000000000000e+00	3.132812000000000000e+06
8.000000000000000000e+00	3.138545000000000000e+06
2.000000000000000000e+00	3.144427000000000000e+06
8.000000000000000000e+00	3.162551000000000000e+06
2.000000000000000000e+00	3.254149000000000000e+06
8.000000000000000000e+00	3.385686000000000000e+06
2.000000000000000000e+00	3.530007000000000000e+06
8.000000000000000000e+00	3.543887000000000000e+06
2.000000000000000000e+00	3.655677000000000000e+06
1.000000000000000000e+00	3.723542000000000000e+06
8.000000000000000000e+00	3.799632000000000000e+06
1.000000000000000000e+00	4.390554000000000000e+06
2.000000000000000000e+00	4.587853000000000000e+06
4.000000000000000000e+00	4.779498000000000000e+06
1.000000000000000000e+00	4.810908000000000000e+06
8.000000000000000000e+00	4.838273000000000000e+06
1.000000000000000000e+00	4.950346000000000000e+06
3.000000000000000000e+00	4.981712000000000000e+06
8.000000000000000000e+00	5.037122000000000000e+06
1.000000000000000000e+00	5.043148000000000000e+06
8.000000000000000000e+00	5.060882000000000000e+06
7.000000000000000000e+00	5.108989000000000000e+06
4.000000000000000000e+00	5.112446000000000000e+06
7.000000000000000000e+00	5.123547000000000000e+06
4.000000000000000000e+00	5.150907000000000000e+06
1.000000000000000000e+00	5.163605000000000000e+06
3.000000000000000000e+00	5.541488000000000000e+06
7.000000000000000000e+00	5.714915000000000000e+06
2.000000000000000000e+00	5.765174000000000000e+06
8.000000000000000000e+00	5.799871000000000000e+06
0.000000000000000000e+00	5.800121000000000000e+06
8.000000000000000000e+00	5.864331000000000000e+06
1.000000000000000000e+00	5.885094000000000000e+06
8.000000000000000000e+00	5.890907000000000000e+06
1.000000000000000000e+00	6.018828000000000000e+06
0.000000000000000000e+00	6.026197000000000000e+06
8.000000000000000000e+00	6.082590000000000000e+06
1.000000000000000000e+00	6.130561000000000000e+06
8.000000000000000000e+00	6.136035000000000000e+06
2.000000000000000000e+00	6.136368000000000000e+06
8.000000000000000000e+00	6.232887000000000000e+06
2.000000000000000000e+00	6.238042000000000000e+06
8.000000000000000000e+00	6.240510000000000000e+06
7.000000000000000000e+00	6.244557000000000000e+06
3.000000000000000000e+00	6.375353000000000000e+06
7.000000000000000000e+00	6.423631000000000000e+06
8.000000000000000000e+00	6.447595000000000000e+06
1.000000000000000000e+00	6.869166000000000000e+06
8.000000000000000000e+00	6.869262000000000000e+06
0.000000000000000000e+00	6.872775000000000000e+06
8.000000000000000000e+00	6.906209000000000000e+06
0.000000000000000000e+00	6.906306000000000000e+06
8.000000000000000000e+00	7.006787000000000000e+06
2.000000000000000000e+00	7.084747000000000000e+06
8.000000000000000000e+00	7.216069000000000000e+06
2.000000000000000000e+00	7.248317000000000000e+06
8.000000000000000000e+00	7.281074000000000000e+06
2.000000000000000000e+00	7.510354000000000000e+06
4.000000000000000000e+00	7.529430000000000000e+06
2.000000000000000000e+00	7.822750000000000000e+06
1.000000000000000000e+00	7.850988000000000000e+06
8.000000000000000000e+00	7.851140000000000000e+06
1.000000000000000000e+00	7.962063000000000000e+06
8.000000000000000000e+00	8.017567000000000000e+06
1.000000000000000000e+00	8.098635000000000000e+06
8.000000000000000000e+00	8.131581000000000000e+06
1.000000000000000000e+00	8.220794000000000000e+06
8.000000000000000000e+00	8.325870000000000000e+06
1.000000000000000000e+00	8.330234000000000000e+06
8.000000000000000000e+00	8.391428000000000000e+06
2.000000000000000000e+00	8.461795000000000000e+06
8.000000000000000000e+00	8.611829000000000000e+06
2.000000000000000000e+00	8.631864000000000000e+06
8.000000000000000000e+00	8.669449000000000000e+06
1.000000000000000000e+00	8.673115000000000000e+06
8.000000000000000000e+00	8.676676000000000000e+06
1.000000000000000000e+00	8.684995000000000000e+06
8.000000000000000000e+00	8.719867000000000000e+06
1.000000000000000000e+00	8.741863000000000000e+06
2.000000000000000000e+00	8.767057000000000000e+06
1.000000000000000000e+00	8.767698000000000000e+06
2.000000000000000000e+00	8.772346000000000000e+06
0.000000000000000000e+00	8.773925000000000000e+06
8.000000000000000000e+00	8.786926000000000000e+06
3.000000000000000000e+00	9.105069000000000000e+06
7.000000000000000000e+00	9.122470000000000000e+06
8.000000000000000000e+00	9.139637000000000000e+06
7.000000000000000000e+00	9.141069000000000000e+06
8.000000000000000000e+00	9.154011000000000000e+06
2.000000000000000000e+00	9.211984000000000000e+06
8.000000000000000000e+00	9.256823000000000000e+06
2.000000000000000000e+00	9.300221000000000000e+06
8.000000000000000000e+00	9.309993000000000000e+06
2.000000000000000000e+00	9.343918000000000000e+06
8.000000000000000000e+00	9.770927000000000000e+06
7.000000000000000000e+00	9.790439000000000000e+06
3.000000000000000000e+00	9.906260000000000000e+06
2.000000000000000000e+00	9.969898000000000000e+06
4.000000000000000000e+00	1.052837200000000000e+07
7.000000000000000000e+00	1.052841000000000000e+07
4.000000000000000000e+00	1.058795800000000000e+07
7.000000000000000000e+00	1.062952400000000000e+07
3.000000000000000000e+00	1.063013500000000000e+07
2.000000000000000000e+00	1.103927800000000000e+07
8.000000000000000000e+00	1.104060800000000000e+07
1.000000000000000000e+00	1.104591300000000000e+07
2.000000000000000000e+00	1.106804600000000000e+07
8.000000000000000000e+00	1.107530700000000000e+07
1.000000000000000000e+00	1.109662800000000000e+07
8.000000000000000000e+00	1.109874300000000000e+07
1.000000000000000000e+00	1.116965500000000000e+07
8.000000000000000000e+00	1.119003500000000000e+07
3.000000000000000000e+00	1.124868200000000000e+07
7.000000000000000000e+00	1.160260200000000000e+07
4.000000000000000000e+00	1.160545300000000000e+07
1.000000000000000000e+00	1.162499700000000000e+07
8.000000000000000000e+00	1.181135300000000000e+07
1.000000000000000000e+00	1.191703800000000000e+07
2.000000000000000000e+00	1.194604800000000000e+07
1.000000000000000000e+00	1.211702400000000000e+07
4.000000000000000000e+00	1.220267100000000000e+07
1.000000000000000000e+00	1.278379700000000000e+07
2.000000000000000000e+00	1.280451100000000000e+07
1.000000000000000000e+00	1.304634300000000000e+07
8.000000000000000000e+00	1.304734100000000000e+07
1.000000000000000000e+00	1.306277800000000000e+07
8.000000000000000000e+00	1.307239100000000000e+07
1.000000000000000000e+00	1.311867600000000000e+07
8.000000000000000000e+00	1.312880500000000000e+07
1.000000000000000000e+00	1.314879900000000000e+07
8.000000000000000000e+00	1.315426000000000000e+07
1.000000000000000000e+00	1.315470200000000000e+07
8.000000000000000000e+00	1.330562900000000000e+07
2.000000000000000000e+00	1.353140300000000000e+07
4.000000000000000000e+00	1.364728900000000000e+07
7.000000000000000000e+00	1.366090300000000000e+07
4.000000000000000000e+00	1.367774800000000000e+07
7.000000000000000000e+00	1.383725800000000000e+07
3.000000000000000000e+00	1.385770200000000000e+07
7.000000000000000000e+00	1.389607200000000000e+07
4.000000000000000000e+00	1.390405700000000000e+07
2.000000000000000000e+00	1.415269300000000000e+07
4.000000000000000000e+00	1.433004000000000000e+07
7.000000000000000000e+00	1.441415900000000000e+07
1.000000000000000000e+00	1.462794600000000000e+07
2.000000000000000000e+00	1.466706300000000000e+07
4.000000000000000000e+00	1.472773300000000000e+07
2.000000000000000000e+00	1.478216900000000000e+07
8.000000000000000000e+00	1.481752600000000000e+07
2.000000000000000000e+00	1.481819500000000000e+07
8.000000000000000000e+00	1.485216600000000000e+07
4.000000000000000000e+00	1.486295400000000000e+07
3.000000000000000000e+00	1.492343300000000000e+07
7.000000000000000000e+00	1.495837000000000000e+07
4.000000000000000000e+00	1.614713100000000000e+07
3.000000000000000000e+00	1.614764800000000000e+07
4.000000000000000000e+00	1.620169900000000000e+07
7.000000000000000000e+00	1.628198800000000000e+07
4.000000000000000000e+00	1.666239200000000000e+07
3.000000000000000000e+00	1.666371600000000000e+07
4.000000000000000000e+00	1.670489700000000000e+07
1.000000000000000000e+00	1.688690900000000000e+07
8.000000000000000000e+00	1.715830200000000000e+07
2.000000000000000000e+00	1.860305100000000000e+07
7.000000000000000000e+00	1.902909500000000000e+07
4.000000000000000000e+00	1.912432900000000000e+07
7.000000000000000000e+00	1.913384500000000000e+07
3.000000000000000000e+00	1.913899400000000000e+07
4.000000000000000000e+00	2.146326800000000000e+07
1.000000000000000000e+00	2.146436000000000000e+07
8.000000000000000000e+00	2.146946700000000000e+07
2.000000000000000000e+00	2.152429500000000000e+07
3.000000000000000000e+00	2.283902000000000000e+07
1.000000000000000000e+00	2.285803700000000000e+07
3.000000000000000000e+00	2.312470400000000000e+07
8.000000000000000000e+00	2.320992400000000000e+07
2.000000000000000000e+00	2.363987800000000000e+07
3.000000000000000000e+00	2.365483000000000000e+07
4.000000000000000000e+00	2.427950800000000000e+07
2.000000000000000000e+00	2.438312300000000000e+07
8.000000000000000000e+00	2.440994500000000000e+07
2.000000000000000000e+00	2.450161800000000000e+07
8.000000000000000000e+00	2.464072300000000000e+07
2.000000000000000000e+00	2.464454900000000000e+07
8.000000000000000000e+00	2.471945700000000000e+07
2.000000000000000000e+00	2.475718300000000000e+07
8.000000000000000000e+00	2.535903000000000000e+07
2.000000000000000000e+00	2.546072300000000000e+07
8.000000000000000000e+00	2.546083500000000000e+07
2.000000000000000000e+00	2.550570900000000000e+07
8.000000000000000000e+00	2.551279700000000000e+07
2.000000000000000000e+00	2.562201800000000000e+07
8.000000000000000000e+00	2.562203300000000000e+07
2.000000000000000000e+00	2.573044900000000000e+07
8.000000000000000000e+00	2.593165100000000000e+07
0.000000000000000000e+00	2.593211600000000000e+07
8.000000000000000000e+00	2.663839100000000000e+07
2.000000000000000000e+00	2.687771900000000000e+07
8.000000000000000000e+00	2.687838900000000000e+07
2.000000000000000000e+00	2.697213400000000000e+07
8.000000000000000000e+00	2.703550600000000000e+07
2.000000000000000000e+00	2.703728500000000000e+07
8.000000000000000000e+00	2.712962700000000000e+07
0.000000000000000000e+00	2.760822100000000000e+07
8.000000000000000000e+00	2.780118800000000000e+07
2.000000000000000000e+00	2.783528200000000000e+07
8.000000000000000000e+00	2.792334400000000000e+07
2.000000000000000000e+00	2.794530900000000000e+07
4.000000000000000000e+00	2.874994000000000000e+07
3.000000000000000000e+00	2.921414400000000000e+07
8.000000000000000000e+00	2.921489100000000000e+07
1.000000000000000000e+00	2.921539500000000000e+07
8.000000000000000000e+00	2.921668600000000000e+07
1.000000000000000000e+00	2.923497300000000000e+07
8.000000000000000000e+00	2.923868200000000000e+07
0.000000000000000000e+00	2.924036000000000000e+07
8.000000000000000000e+00	2.926965200000000000e+07
4.000000000000000000e+00	2.930718400000000000e+07
7.000000000000000000e+00	2.932158600000000000e+07
4.000000000000000000e+00	2.948504500000000000e+07
7.000000000000000000e+00	2.970749800000000000e+07
3.000000000000000000e+00	2.970795400000000000e+07
7.000000000000000000e+00	3.020040600000000000e+07
3.000000000000000000e+00	3.025961400000000000e+07
7.000000000000000000e+00	3.053274600000000000e+07
3.000000000000000000e+00	3.058591900000000000e+07
4.000000000000000000e+00	3.071556900000000000e+07
3.000000000000000000e+00	3.083990900000000000e+07
7.000000000000000000e+00	3.087980100000000000e+07
3.000000000000000000e+00	3.153316700000000000e+07
7.000000000000000000e+00	3.172549400000000000e+07
4.000000000000000000e+00	3.172559000000000000e+07
7.000000000000000000e+00	3.184901800000000000e+07
4.000000000000000000e+00	3.185003100000000000e+07
7.000000000000000000e+00	3.185483600000000000e+07
4.000000000000000000e+00	3.189228600000000000e+07
3.000000000000000000e+00	3.191095900000000000e+07
2.000000000000000000e+00	3.191517900000000000e+07
1.000000000000000000e+00	3.193166400000000000e+07
2.000000000000000000e+00	3.195661600000000000e+07
1.000000000000000000e+00	3.200706900000000000e+07
2.000000000000000000e+00	3.212506400000000000e+07
8.000000000000000000e+00	3.221488300000000000e+07
0.000000000000000000e+00	3.221899800000000000e+07
8.000000000000000000e+00	3.223640600000000000e+07
7.000000000000000000e+00	3.227304000000000000e+07
4.000000000000000000e+00	3.228931500000000000e+07
7.000000000000000000e+00	3.235795400000000000e+07
4.000000000000000000e+00	3.246112800000000000e+07
7.000000000000000000e+00	3.263339200000000000e+07
4.000000000000000000e+00	3.264505300000000000e+07
7.000000000000000000e+00	3.303002200000000000e+07
4.000000000000000000e+00	3.319642100000000000e+07
7.000000000000000000e+00	3.325266200000000000e+07
4.000000000000000000e+00	3.325413700000000000e+07
7.000000000000000000e+00	3.325619200000000000e+07
2.000000000000000000e+00	3.398722300000000000e+07
8.000000000000000000e+00	3.410594800000000000e+07
2.000000000000000000e+00	3.420000000000000000e+07
3.000000000000000000e+00	3.421231800000000000e+07
1.000000000000000000e+00	3.424164200000000000e+07
3.000000000000000000e+00	3.488130700000000000e+07
4.000000000000000000e+00	3.524926400000000000e+07
7.000000000000000000e+00	3.599879400000000000e+07
4.000000000000000000e+00	3.602998000000000000e+07
7.000000000000000000e+00	3.603069300000000000e+07
1.000000000000000000e+00	3.621580600000000000e+07
7.000000000000000000e+00	3.641919100000000000e+07
3.000000000000000000e+00	3.648591900000000000e+07
7.000000000000000000e+00	3.674904500000000000e+07
0.000000000000000000e+00	3.674997000000000000e+07
4.000000000000000000e+00	3.703294200000000000e+07
1.000000000000000000e+00	3.726991600000000000e+07
3.000000000000000000e+00	3.753002100000000000e+07
1.000000000000000000e+00	3.753253100000000000e+07
8.000000000000000000e+00	3.766456000000000000e+07
1.000000000000000000e+00	3.786886100000000000e+07
8.000000000000000000e+00	3.804646600000000000e+07
2.000000000000000000e+00	3.835666400000000000e+07
8.000000000000000000e+00	3.840500200000000000e+07
1.000000000000000000e+00	3.843499100000000000e+07
8.000000000000000000e+00	3.860633200000000000e+07
1.000000000000000000e+00	3.860846200000000000e+07
8.000000000000000000e+00	3.866205000000000000e+07
1.000000000000000000e+00	4.028216400000000000e+07
4.000000000000000000e+00	4.218523000000000000e+07
3.000000000000000000e+00	4.229376000000000000e+07
7.000000000000000000e+00	4.234701200000000000e+07
4.000000000000000000e+00	4.241593500000000000e+07
7.000000000000000000e+00	4.243043200000000000e+07
4.000000000000000000e+00	4.246648900000000000e+07
1.000000000000000000e+00	4.249012000000000000e+07
2.000000000000000000e+00	4.253631700000000000e+07
1.000000000000000000e+00	4.269672900000000000e+07
3.000000000000000000e+00	4.272463300000000000e+07
4.000000000000000000e+00	4.319640400000000000e+07
2.000000000000000000e+00	4.380197400000000000e+07
7.000000000000000000e+00	4.395130800000000000e+07
1.000000000000000000e+00	4.412436000000000000e+07
8.000000000000000000e+00	4.412459900000000000e+07
4.000000000000000000e+00	4.414111000000000000e+07
2.000000000000000000e+00	4.414952200000000000e+07
8.000000000000000000e+00	4.512882700000000000e+07
2.000000000000000000e+00	4.512918900000000000e+07
8.000000000000000000e+00	4.530444200000000000e+07
2.000000000000000000e+00	4.540657500000000000e+07
8.000000000000000000e+00	4.560218600000000000e+07
4.000000000000000000e+00	4.582085300000000000e+07
2.000000000000000000e+00	4.582175000000000000e+07
4.000000000000000000e+00	4.733968100000000000e+07
2.000000000000000000e+00	4.852103700000000000e+07
4.000000000000000000e+00	4.858404900000000000e+07
2.000000000000000000e+00	4.860897700000000000e+07
4.000000000000000000e+00	5.044920400000000000e+07
2.000000000000000000e+00	5.051404200000000000e+07
4.000000000000000000e+00	5.073262700000000000e+07
2.000000000000000000e+00	5.196813700000000000e+07
4.000000000000000000e+00	5.205190800000000000e+07
2.000000000000000000e+00	5.206789700000000000e+07
4.000000000000000000e+00	5.321760400000000000e+07
7.000000000000000000e+00	5.354316200000000000e+07
4.000000000000000000e+00	5.373919600000000000e+07
7.000000000000000000e+00	5.373926300000000000e+07
4.000000000000000000e+00	5.408298000000000000e+07
2.000000000000000000e+00	5.448613300000000000e+07
4.000000000000000000e+00	5.463862100000000000e+07
3.000000000000000000e+00	5.464104200000000000e+07
1.000000000000000000e+00	5.500857900000000000e+07
8.000000000000000000e+00	5.534639200000000000e+07
2.000000000000000000e+00	5.535074900000000000e+07
1.000000000000000000e+00	5.561714800000000000e+07
8.000000000000000000e+00	5.562044300000000000e+07
1.000000000000000000e+00	5.563394900000000000e+07
2.000000000000000000e+00	5.573500800000000000e+07
4.000000000000000000e+00	5.578889100000000000e+07
3.000000000000000000e+00	5.638933100000000000e+07
7.000000000000000000e+00	5.643277600000000000e+07
2.000000000000000000e+00	5.643800500000000000e+07
8.000000000000000000e+00	5.650617800000000000e+07
1.000000000000000000e+00	5.695825100000000000e+07
2.000000000000000000e+00	5.707494700000000000e+07
1.000000000000000000e+00	5.806427900000000000e+07
3.000000000000000000e+00	5.855996900000000000e+07
7.000000000000000000e+00	5.940998400000000000e+07
3.000000000000000000e+00	5.942949600000000000e+07
7.000000000000000000e+00	5.943523100000000000e+07
0.000000000000000000e+00	5.944814300000000000e+07
7.000000000000000000e+00	5.956271300000000000e+07
4.000000000000000000e+00	5.970220600000000000e+07
3.000000000000000000e+00	5.970532000000000000e+07
4.000000000000000000e+00	5.975771800000000000e+07
8.000000000000000000e+00	5.977568700000000000e+07
1.000000000000000000e+00	5.977675200000000000e+07
7.000000000000000000e+00	5.977686400000000000e+07
1.000000000000000000e+00	5.977687700000000000e+07
8.000000000000000000e+00	5.978280100000000000e+07
1.000000000000000000e+00	5.991440100000000000e+07
8.000000000000000000e+00	5.992967800000000000e+07
2.000000000000000000e+00	5.998198900000000000e+07
1.000000000000000000e+00	6.012699200000000000e+07
2.000000000000000000e+00	6.019332500000000000e+07
1.000000000000000000e+00	6.026797200000000000e+07
8.000000000000000000e+00	6.027181900000000000e+07
1.000000000000000000e+00	6.057214600000000000e+07
8.000000000000000000e+00	6.057621100000000000e+07
4.000000000000000000e+00	6.057629000000000000e+07
7.000000000000000000e+00	6.074709700000000000e+07
8.000000000000000000e+00	6.080895300000000000e+07
1.000000000000000000e+00	6.088190100000000000e+07
8.000000000000000000e+00	6.088287000000000000e+07
2.000000000000000000e+00	6.127907400000000000e+07
8.000000000000000000e+00	6.129255800000000000e+07
2.000000000000000000e+00	6.151107900000000000e+07
8.000000000000000000e+00	6.169912200000000000e+07
2.000000000000000000e+00	6.172584200000000000e+07
8.000000000000000000e+00	6.194161500000000000e+07
2.000000000000000000e+00	6.205061000000000000e+07
1.000000000000000000e+00	6.211212300000000000e+07
7.000000000000000000e+00	6.241519900000000000e+07
2.000000000000000000e+00	6.254545100000000000e+07
8.000000000000000000e+00	6.262083300000000000e+07
2.000000000000000000e+00	6.274942800000000000e+07
8.000000000000000000e+00	6.288244200000000000e+07
4.000000000000000000e+00	6.341701200000000000e+07
3.000000000000000000e+00	6.350476200000000000e+07
7.000000000000000000e+00	6.350501800000000000e+07
4.000000000000000000e+00	6.426665000000000000e+07
3.000000000000000000e+00	6.439281400000000000e+07
7.000000000000000000e+00	6.447948500000000000e+07
1.000000000000000000e+00	6.447980500000000000e+07
8.000000000000000000e+00	6.454124300000000000e+07
2.000000000000000000e+00	6.494865900000000000e+07
1.000000000000000000e+00	6.497107100000000000e+07
2.000000000000000000e+00	6.527019700000000000e+07
8.000000000000000000e+00	6.527329800000000000e+07
1.000000000000000000e+00	6.534418000000000000e+07
8.000000000000000000e+00	6.539387400000000000e+07
1.000000000000000000e+00	6.540123300000000000e+07
8.000000000000000000e+00	6.569238300000000000e+07
4.000000000000000000e+00	6.572226900000000000e+07
7.000000000000000000e+00	6.572256800000000000e+07
2.000000000000000000e+00	6.572288400000000000e+07
7.000000000000000000e+00	6.572380800000000000e+07
2.000000000000000000e+00	6.572436700000000000e+07
7.000000000000000000e+00	6.599158500000000000e+07
3.000000000000000000e+00	6.602389300000000000e+07
1.000000000000000000e+00	6.607252900000000000e+07
3.000000000000000000e+00	6.626150600000000000e+07
7.000000000000000000e+00	6.656285000000000000e+07
2.000000000000000000e+00	6.657383400000000000e+07
1.000000000000000000e+00	6.745721100000000000e+07
2.000000000000000000e+00	6.836754300000000000e+07
1.000000000000000000e+00	6.837641600000000000e+07
8.000000000000000000e+00	6.853252500000000000e+07
2.000000000000000000e+00	6.879466700000000000e+07
8.000000000000000000e+00	6.879676800000000000e+07
1.000000000000000000e+00	6.927422400000000000e+07
8.000000000000000000e+00	6.927429300000000000e+07
0.000000000000000000e+00	6.927439300000000000e+07
8.000000000000000000e+00	6.928905400000000000e+07
1.000000000000000000e+00	6.929353500000000000e+07
4.000000000000000000e+00	6.941317000000000000e+07
7.000000000000000000e+00	6.943067700000000000e+07
3.000000000000000000e+00	6.943191600000000000e+07
7.000000000000000000e+00	6.951132000000000000e+07
2.000000000000000000e+00	6.951180400000000000e+07
8.000000000000000000e+00	6.958613700000000000e+07
2.000000000000000000e+00	6.962714800000000000e+07
8.000000000000000000e+00	7.029629500000000000e+07
2.000000000000000000e+00	7.044739900000000000e+07
8.000000000000000000e+00	7.044755100000000000e+07
0.000000000000000000e+00	7.044830300000000000e+07
8.000000000000000000e+00	7.044867900000000000e+07
0.000000000000000000e+00	7.045590600000000000e+07
8.000000000000000000e+00	7.060282500000000000e+07
1.000000000000000000e+00	7.080462100000000000e+07
8.000000000000000000e+00	7.089072300000000000e+07
2.000000000000000000e+00	7.111319000000000000e+07
1.000000000000000000e+00	7.121648600000000000e+07
2.000000000000000000e+00	7.122046500000000000e+07
8.000000000000000000e+00	7.123067100000000000e+07
1.000000000000000000e+00	7.135060500000000000e+07
8.000000000000000000e+00	7.163472300000000000e+07
1.000000000000000000e+00	7.163651600000000000e+07
8.000000000000000000e+00	7.163686300000000000e+07
1.000000000000000000e+00	7.164086800000000000e+07
8.000000000000000000e+00	7.168739100000000000e+07
7.000000000000000000e+00	7.170688100000000000e+07
4.000000000000000000e+00	7.174376300000000000e+07
7.000000000000000000e+00	7.187533700000000000e+07
3.000000000000000000e+00	7.218032400000000000e+07
7.000000000000000000e+00	7.218114900000000000e+07
4.000000000000000000e+00	7.219333400000000000e+07
7.000000000000000000e+00	7.219591100000000000e+07
4.000000000000000000e+00	7.220788000000000000e+07
3.000000000000000000e+00	7.221718200000000000e+07
7.000000000000000000e+00	7.226530000000000000e+07
4.000000000000000000e+00	7.228390900000000000e+07
8.000000000000000000e+00	7.228392500000000000e+07
1.000000000000000000e+00	7.232459600000000000e+07
8.000000000000000000e+00	7.233141900000000000e+07
1.000000000000000000e+00	7.233389700000000000e+07
8.000000000000000000e+00	7.238556700000000000e+07
1.000000000000000000e+00	7.251165900000000000e+07
8.000000000000000000e+00	7.256688100000000000e+07
1.000000000000000000e+00	7.256926400000000000e+07
8.000000000000000000e+00	7.263882500000000000e+07
1.000000000000000000e+00	7.264170900000000000e+07
3.000000000000000000e+00	7.264231900000000000e+07
1.000000000000000000e+00	7.265661300000000000e+07
8.000000000000000000e+00	7.295360600000000000e+07
1.000000000000000000e+00	7.295437500000000000e+07
8.000000000000000000e+00	7.295540400000000000e+07
2.000000000000000000e+00	7.295560300000000000e+07
8.000000000000000000e+00	7.304457800000000000e+07
1.000000000000000000e+00	7.347012800000000000e+07
3.000000000000000000e+00	7.348363300000000000e+07
4.000000000000000000e+00	7.349051900000000000e+07
7.000000000000000000e+00	7.350945300000000000e+07
4.000000000000000000e+00	7.360528400000000000e+07
7.000000000000000000e+00	7.383740000000000000e+07
3.000000000000000000e+00	7.384381900000000000e+07
2.000000000000000000e+00	7.386863800000000000e+07
4.000000000000000000e+00	7.387855900000000000e+07
7.000000000000000000e+00	7.396612000000000000e+07
4.000000000000000000e+00	7.405615700000000000e+07
1.000000000000000000e+00	7.409541700000000000e+07
8.000000000000000000e+00	7.409705100000000000e+07
1.000000000000000000e+00	7.412051200000000000e+07
3.000000000000000000e+00	7.440560600000000000e+07
8.000000000000000000e+00	7.453236100000000000e+07
1.000000000000000000e+00	7.469177900000000000e+07
2.000000000000000000e+00	7.485007600000000000e+07
1.000000000000000000e+00	7.532513500000000000e+07
8.000000000000000000e+00	7.532961500000000000e+07
2.000000000000000000e+00	7.537874100000000000e+07
4.000000000000000000e+00	7.540022400000000000e+07
1.000000000000000000e+00	7.598634800000000000e+07
8.000000000000000000e+00	7.615855100000000000e+07
2.000000000000000000e+00	7.642905600000000000e+07
1.000000000000000000e+00	7.647736600000000000e+07
2.000000000000000000e+00	7.648769700000000000e+07
1.000000000000000000e+00	7.648917100000000000e+07
2.000000000000000000e+00	7.649290800000000000e+07
1.000000000000000000e+00	7.649393600000000000e+07
2.000000000000000000e+00	7.649397100000000000e+07
1.000000000000000000e+00	7.663740600000000000e+07
7.000000000000000000e+00	7.666429000000000000e+07
3.000000000000000000e+00	7.685600600000000000e+07
4.000000000000000000e+00	7.708912100000000000e+07
3.000000000000000000e+00	7.709201400000000000e+07
7.000000000000000000e+00	7.715275300000000000e+07
3.000000000000000000e+00	7.750981300000000000e+07
4.000000000000000000e+00	7.864757700000000000e+07
1.000000000000000000e+00	7.885571000000000000e+07
2.000000000000000000e+00	7.898265500000000000e+07
8.000000000000000000e+00	7.904950300000000000e+07
2.000000000000000000e+00	7.922266800000000000e+07
8.000000000000000000e+00	7.981713300000000000e+07
2.000000000000000000e+00	7.986194000000000000e+07
1.000000000000000000e+00	7.998978100000000000e+07
8.000000000000000000e+00	8.187174900000000000e+07
1.000000000000000000e+00	8.537690900000000000e+07
7.000000000000000000e+00	8.844894800000000000e+07
2.000000000000000000e+00	8.854153800000000000e+07
7.000000000000000000e+00	8.921338600000000000e+07
3.000000000000000000e+00	8.977505900000000000e+07
7.000000000000000000e+00	9.402447100000000000e+07
3.000000000000000000e+00	9.425500700000000000e+07
7.000000000000000000e+00	9.425514100000000000e+07
8.000000000000000000e+00	9.505150900000000000e+07
2.000000000000000000e+00	9.534915800000000000e+07
8.000000000000000000e+00	9.616759700000000000e+07
1.000000000000000000e+00	9.777187100000000000e+07
8.000000000000000000e+00	9.780747700000000000e+07
0.000000000000000000e+00	9.788324300000000000e+07
8.000000000000000000e+00	9.811290000000000000e+07
0.000000000000000000e+00	9.817240400000000000e+07
1.000000000000000000e+00	9.825312300000000000e+07
8.000000000000000000e+00	9.879189300000000000e+07
2.000000000000000000e+00	9.918418800000000000e+07
7.000000000000000000e+00	9.919024400000000000e+07
4.000000000000000000e+00	9.937439000000000000e+07
7.000000000000000000e+00	1.005940340000000000e+08
8.000000000000000000e+00	1.007015400000000000e+08
2.000000000000000000e+00	1.012944440000000000e+08
8.000000000000000000e+00	1.015546080000000000e+08
2.000000000000000000e+00	1.020468700000000000e+08
8.000000000000000000e+00	1.020722840000000000e+08
3.000000000000000000e+00	1.023685150000000000e+08
1.000000000000000000e+00	1.027935630000000000e+08
8.000000000000000000e+00	1.030265960000000000e+08
1.000000000000000000e+00	1.031647810000000000e+08
8.000000000000000000e+00	1.034429440000000000e+08
1.000000000000000000e+00	1.034459990000000000e+08
0.000000000000000000e+00	1.034475850000000000e+08
8.000000000000000000e+00	1.035186110000000000e+08
0.000000000000000000e+00	1.037435990000000000e+08
8.000000000000000000e+00	1.037985500000000000e+08
1.000000000000000000e+00	1.041213990000000000e+08
8.000000000000000000e+00	1.041706750000000000e+08
1.000000000000000000e+00	1.044214930000000000e+08
8.000000000000000000e+00	1.045848560000000000e+08
1.000000000000000000e+00	1.046459700000000000e+08
8.000000000000000000e+00	1.047447440000000000e+08
1.000000000000000000e+00	1.048305670000000000e+08
8.000000000000000000e+00	1.048827410000000000e+08
2.000000000000000000e+00	1.049691420000000000e+08
8.000000000000000000e+00	1.052973890000000000e+08
1.000000000000000000e+00	1.053738850000000000e+08
8.000000000000000000e+00	1.056947780000000000e+08
4.000000000000000000e+00	1.061645920000000000e+08
3.000000000000000000e+00	1.061660300000000000e+08
7.000000000000000000e+00	1.063345490000000000e+08
4.000000000000000000e+00	1.063999990000000000e+08
3.000000000000000000e+00	1.064000790000000000e+08
4.000000000000000000e+00	1.064206070000000000e+08
2.000000000000000000e+00	1.064224400000000000e+08
8.000000000000000000e+00	1.068252130000000000e+08
7.000000000000000000e+00	1.069277820000000000e+08
8.000000000000000000e+00	1.070184340000000000e+08
0.000000000000000000e+00	1.070337760000000000e+08
8.000000000000000000e+00	1.070445760000000000e+08
0.000000000000000000e+00	1.070498360000000000e+08
8.000000000000000000e+00	1.075134910000000000e+08
0.000000000000000000e+00	1.075442900000000000e+08
8.000000000000000000e+00	1.075523920000000000e+08
1.000000000000000000e+00	1.075970690000000000e+08
8.000000000000000000e+00	1.075979160000000000e+08
1.000000000000000000e+00	1.077353430000000000e+08
8.000000000000000000e+00	1.080455090000000000e+08
0.000000000000000000e+00	1.081001310000000000e+08
8.000000000000000000e+00	1.081299390000000000e+08
0.000000000000000000e+00	1.081889880000000000e+08
8.000000000000000000e+00	1.081935400000000000e+08
7.000000000000000000e+00	1.082233850000000000e+08
8.000000000000000000e+00	1.088768790000000000e+08
1.000000000000000000e+00	1.090016790000000000e+08
8.000000000000000000e+00	1.090332600000000000e+08
2.000000000000000000e+00	1.092529740000000000e+08
8.000000000000000000e+00	1.095212680000000000e+08
1.000000000000000000e+00	1.103352960000000000e+08
8.000000000000000000e+00	1.104916230000000000e+08
0.000000000000000000e+00	1.105108710000000000e+08
8.000000000000000000e+00	1.105142190000000000e+08
1.000000000000000000e+00	1.105255940000000000e+08
8.000000000000000000e+00	1.109292180000000000e+08
0.000000000000000000e+00	1.109297970000000000e+08
1.000000000000000000e+00	1.113032950000000000e+08
8.000000000000000000e+00	1.114509550000000000e+08
1.000000000000000000e+00	1.115226430000000000e+08
8.000000000000000000e+00	1.115601980000000000e+08
1.000000000000000000e+00	1.115932700000000000e+08
8.000000000000000000e+00	1.117565590000000000e+08
1.000000000000000000e+00	1.117995150000000000e+08
8.000000000000000000e+00	1.118004350000000000e+08
2.000000000000000000e+00	1.119885030000000000e+08
8.000000000000000000e+00	1.121839300000000000e+08
4.000000000000000000e+00	1.121845610000000000e+08
8.000000000000000000e+00	1.123341120000000000e+08
1.000000000000000000e+00	1.124185440000000000e+08
8.000000000000000000e+00	1.130099900000000000e+08
1.000000000000000000e+00	1.130403300000000000e+08
2.000000000000000000e+00	1.133102160000000000e+08
8.000000000000000000e+00	1.133167360000000000e+08
2.000000000000000000e+00	1.136486620000000000e+08
1.000000000000000000e+00	1.136497570000000000e+08
2.000000000000000000e+00	1.136518080000000000e+08
1.000000000000000000e+00	1.139459390000000000e+08
2.000000000000000000e+00	1.142620280000000000e+08
1.000000000000000000e+00	1.144264900000000000e+08
8.000000000000000000e+00	1.152205960000000000e+08
1.000000000000000000e+00	1.152545780000000000e+08
8.000000000000000000e+00	1.152854080000000000e+08
2.000000000000000000e+00	1.152862660000000000e+08
1.000000000000000000e+00	1.153175240000000000e+08
8.000000000000000000e+00	1.154126700000000000e+08
7.000000000000000000e+00	1.159816610000000000e+08
8.000000000000000000e+00	1.159870280000000000e+08
7.000000000000000000e+00	1.159884770000000000e+08
8.000000000000000000e+00	1.160182850000000000e+08
0.000000000000000000e+00	1.160373520000000000e+08
8.000000000000000000e+00	1.160382030000000000e+08
1.000000000000000000e+00	1.164569620000000000e+08
2.000000000000000000e+00	1.164901560000000000e+08
8.000000000000000000e+00	1.165982950000000000e+08
2.000000000000000000e+00	1.168337750000000000e+08
8.000000000000000000e+00	1.168624960000000000e+08
1.000000000000000000e+00	1.168985700000000000e+08
4.000000000000000000e+00	1.171545010000000000e+08
3.000000000000000000e+00	1.171566020000000000e+08
7.000000000000000000e+00	1.171574610000000000e+08
3.000000000000000000e+00	1.172042250000000000e+08
4.000000000000000000e+00	1.172455990000000000e+08
2.000000000000000000e+00	1.188023810000000000e+08
7.000000000000000000e+00	1.188177650000000000e+08
3.000000000000000000e+00	1.191009760000000000e+08
4.000000000000000000e+00	1.191022140000000000e+08
3.000000000000000000e+00	1.191026760000000000e+08
7.000000000000000000e+00	1.200162130000000000e+08
4.000000000000000000e+00	1.201477020000000000e+08
8.000000000000000000e+00	1.201509680000000000e+08
1.000000000000000000e+00	1.203764370000000000e+08
2.000000000000000000e+00	1.213389630000000000e+08
8.000000000000000000e+00	1.218222410000000000e+08
2.000000000000000000e+00	1.218228550000000000e+08
8.000000000000000000e+00	1.219198730000000000e+08
2.000000000000000000e+00	1.219384220000000000e+08
8.000000000000000000e+00	1.223453170000000000e+08
7.000000000000000000e+00	1.227632490000000000e+08
2.000000000000000000e+00	1.228296080000000000e+08
8.000000000000000000e+00	1.228329110000000000e+08
2.000000000000000000e+00	1.228636620000000000e+08
4.000000000000000000e+00	1.233839570000000000e+08
7.000000000000000000e+00	1.235222910000000000e+08
8.000000000000000000e+00	1.239391050000000000e+08
1.000000000000000000e+00	1.241248480000000000e+08
8.000000000000000000e+00	1.241256100000000000e+08
1.000000000000000000e+00	1.241284120000000000e+08
8.000000000000000000e+00	1.241587580000000000e+08
1.000000000000000000e+00	1.241594530000000000e+08
8.000000000000000000e+00	1.241805020000000000e+08
2.000000000000000000e+00	1.242791170000000000e+08
1.000000000000000000e+00	1.243444740000000000e+08
8.000000000000000000e+00	1.246818720000000000e+08
1.000000000000000000e+00	1.246820270000000000e+08
8.000000000000000000e+00	1.247553040000000000e+08
1.000000000000000000e+00	1.248214830000000000e+08
8.000000000000000000e+00	1.248224750000000000e+08
3.000000000000000000e+00	1.251241510000000000e+08
8.000000000000000000e+00	1.253194000000000000e+08
4.000000000000000000e+00	1.256050590000000000e+08
3.000000000000000000e+00	1.258757830000000000e+08
4.000000000000000000e+00	1.270693910000000000e+08
8.000000000000000000e+00	1.270716050000000000e+08
2.000000000000000000e+00	1.270783650000000000e+08
8.000000000000000000e+00	1.270784390000000000e+08
2.000000000000000000e+00	1.271385220000000000e+08
8.000000000000000000e+00	1.274712720000000000e+08
2.000000000000000000e+00	1.276957060000000000e+08
4.000000000000000000e+00	1.284286290000000000e+08
2.000000000000000000e+00	1.285434880000000000e+08
8.000000000000000000e+00	1.287351020000000000e+08
7.000000000000000000e+00	1.290746940000000000e+08
1.000000000000000000e+00	1.290871910000000000e+08
4.000000000000000000e+00	1.300216170000000000e+08
8.000000000000000000e+00	1.300255030000000000e+08
2.000000000000000000e+00	1.305063560000000000e+08
8.000000000000000000e+00	1.305637350000000000e+08
2.000000000000000000e+00	1.309359140000000000e+08
8.000000000000000000e+00	1.313731960000000000e+08
2.000000000000000000e+00	1.321089460000000000e+08
3.000000000000000000e+00	1.321122480000000000e+08
4.000000000000000000e+00	1.324495550000000000e+08
7.000000000000000000e+00	1.326438920000000000e+08
3.000000000000000000e+00	1.326768030000000000e+08
2.000000000000000000e+00	1.337100260000000000e+08
3.000000000000000000e+00	1.337118040000000000e+08
7.000000000000000000e+00	1.339945050000000000e+08
4.000000000000000000e+00	1.343159490000000000e+08
7.000000000000000000e+00	1.343764570000000000e+08
3.000000000000000000e+00	1.343876700000000000e+08
7.000000000000000000e+00	1.344733040000000000e+08
3.000000000000000000e+00	1.346248440000000000e+08
7.000000000000000000e+00	1.349575170000000000e+08
4.000000000000000000e+00	1.352694860000000000e+08
3.000000000000000000e+00	1.352913640000000000e+08
1.000000000000000000e+00	1.352916470000000000e+08
3.000000000000000000e+00	1.372933890000000000e+08
8.000000000000000000e+00	1.372985060000000000e+08
4.000000000000000000e+00	1.373022170000000000e+08
3.000000000000000000e+00	1.373643530000000000e+08
0.000000000000000000e+00	1.373646940000000000e+08
8.000000000000000000e+00	1.373706700000000000e+08
2.000000000000000000e+00	1.377277130000000000e+08
1.000000000000000000e+00	1.377687500000000000e+08
8.000000000000000000e+00	1.377703660000000000e+08
2.000000000000000000e+00	1.377719890000000000e+08
8.000000000000000000e+00	1.377722640000000000e+08
1.000000000000000000e+00	1.379012710000000000e+08
7.000000000000000000e+00	1.381299770000000000e+08
3.000000000000000000e+00	1.383481500000000000e+08
4.000000000000000000e+00	1.386970570000000000e+08
3.000000000000000000e+00	1.390336000000000000e+08
7.000000000000000000e+00	1.390341240000000000e+08
2.000000000000000000e+00	1.396349090000000000e+08
8.000000000000000000e+00	1.398354620000000000e+08
0.000000000000000000e+00	1.398361220000000000e+08
2.000000000000000000e+00	1.398386050000000000e+08
8.000000000000000000e+00	1.398480370000000000e+08
3.000000000000000000e+00	1.398913500000000000e+08
1.000000000000000000e+00	1.401013410000000000e+08
2.000000000000000000e+00	1.401060970000000000e+08
8.000000000000000000e+00	1.405402300000000000e+08
1.000000000000000000e+00	1.405410110000000000e+08
8.000000000000000000e+00	1.405418900000000000e+08
0.000000000000000000e+00	1.406275820000000000e+08
8.000000000000000000e+00	1.406435300000000000e+08
0.000000000000000000e+00	1.407677880000000000e+08
2.000000000000000000e+00	1.407698920000000000e+08
8.000000000000000000e+00	1.410103020000000000e+08
2.000000000000000000e+00	1.410104080000000000e+08
8.000000000000000000e+00	1.410191680000000000e+08
1.000000000000000000e+00	1.410207810000000000e+08
4.000000000000000000e+00	1.410278700000000000e+08
2.000000000000000000e+00	1.414553860000000000e+08
8.000000000000000000e+00	1.415645730000000000e+08
2.000000000000000000e+00	1.415664380000000000e+08
7.000000000000000000e+00	1.418951370000000000e+08
3.000000000000000000e+00	1.425466720000000000e+08
8.000000000000000000e+00	1.426480840000000000e+08
3.000000000000000000e+00	1.430135710000000000e+08
4.000000000000000000e+00	1.430214860000000000e+08
3.000000000000000000e+00	1.430698680000000000e+08
1.000000000000000000e+00	1.430865340000000000e+08
7.000000000000000000e+00	1.433545060000000000e+08
2.000000000000000000e+00	1.433549220000000000e+08
7.000000000000000000e+00	1.434209940000000000e+08
4.000000000000000000e+00	1.446631120000000000e+08
7.000000000000000000e+00	1.452079350000000000e+08
4.000000000000000000e+00	1.457606040000000000e+08
2.000000000000000000e+00	1.469718110000000000e+08
8.000000000000000000e+00	1.473615760000000000e+08
2.000000000000000000e+00	1.473624750000000000e+08
8.000000000000000000e+00	1.473630440000000000e+08
2.000000000000000000e+00	1.474939120000000000e+08
8.000000000000000000e+00	1.474961560000000000e+08
2.000000000000000000e+00	1.476138580000000000e+08
8.000000000000000000e+00	1.476149510000000000e+08
2.000000000000000000e+00	1.476549230000000000e+08
1.000000000000000000e+00	1.477592050000000000e+08
2.000000000000000000e+00	1.478074750000000000e+08
8.000000000000000000e+00	1.481863100000000000e+08
2.000000000000000000e+00	1.481930080000000000e+08
8.000000000000000000e+00	1.483188520000000000e+08
2.000000000000000000e+00	1.483195810000000000e+08
8.000000000000000000e+00	1.483198050000000000e+08
1.000000000000000000e+00	1.484208990000000000e+08
8.000000000000000000e+00	1.484474670000000000e+08
1.000000000000000000e+00	1.485715490000000000e+08
8.000000000000000000e+00	1.486359270000000000e+08
1.000000000000000000e+00	1.490173620000000000e+08
3.000000000000000000e+00	1.490175530000000000e+08
7.000000000000000000e+00	1.490213110000000000e+08
3.000000000000000000e+00	1.491070120000000000e+08
2.000000000000000000e+00	1.491515750000000000e+08
1.000000000000000000e+00	1.491515770000000000e+08
8.000000000000000000e+00	1.491523780000000000e+08
1.000000000000000000e+00	1.491529910000000000e+08
4.000000000000000000e+00	1.493086070000000000e+08
8.000000000000000000e+00	1.493122320000000000e+08
1.000000000000000000e+00	1.497378060000000000e+08
8.000000000000000000e+00	1.498074720000000000e+08
1.000000000000000000e+00	1.499176370000000000e+08
8.000000000000000000e+00	1.500830270000000000e+08
4.000000000000000000e+00	1.503902900000000000e+08
7.000000000000000000e+00	1.504541760000000000e+08
4.000000000000000000e+00	1.505039930000000000e+08
7.000000000000000000e+00	1.505186450000000000e+08
4.000000000000000000e+00	1.505219620000000000e+08
7.000000000000000000e+00	1.505300280000000000e+08
4.000000000000000000e+00	1.505304380000000000e+08
7.000000000000000000e+00	1.505313260000000000e+08
4.000000000000000000e+00	1.505537920000000000e+08
7.000000000000000000e+00	1.505926480000000000e+08
3.000000000000000000e+00	1.505957340000000000e+08
1.000000000000000000e+00	1.505964110000000000e+08
3.000000000000000000e+00	1.505971360000000000e+08
1.000000000000000000e+00	1.506107430000000000e+08
7.000000000000000000e+00	1.506112150000000000e+08
4.000000000000000000e+00	1.506129260000000000e+08
3.000000000000000000e+00	1.506191780000000000e+08
1.000000000000000000e+00	1.506460210000000000e+08
2.000000000000000000e+00	1.506710220000000000e+08
7.000000000000000000e+00	1.507070320000000000e+08
3.000000000000000000e+00	1.507071830000000000e+08
8.000000000000000000e+00	1.507252570000000000e+08
1.000000000000000000e+00	1.507342600000000000e+08
8.000000000000000000e+00	1.522925160000000000e+08
1.000000000000000000e+00	1.524820940000000000e+08
3.000000000000000000e+00	1.527370710000000000e+08
1.000000000000000000e+00	1.528232260000000000e+08
8.000000000000000000e+00	1.529432700000000000e+08
1.000000000000000000e+00	1.532566090000000000e+08
2.000000000000000000e+00	1.532573420000000000e+08
8.000000000000000000e+00	1.533910370000000000e+08
2.000000000000000000e+00	1.534073180000000000e+08
1.000000000000000000e+00	1.548636070000000000e+08
2.000000000000000000e+00	1.562860190000000000e+08
8.000000000000000000e+00	1.563376190000000000e+08
2.000000000000000000e+00	1.563549440000000000e+08
8.000000000000000000e+00	1.564200430000000000e+08
2.000000000000000000e+00	1.567893880000000000e+08
1.000000000000000000e+00	1.567989640000000000e+08
8.000000000000000000e+00	1.569880100000000000e+08
1.000000000000000000e+00	1.573118890000000000e+08
7.000000000000000000e+00	1.573123090000000000e+08
1.000000000000000000e+00	1.573128230000000000e+08
8.000000000000000000e+00	1.573441180000000000e+08
1.000000000000000000e+00	1.574933440000000000e+08
2.000000000000000000e+00	1.575405340000000000e+08
1.000000000000000000e+00	1.575836660000000000e+08
8.000000000000000000e+00	1.580876470000000000e+08
2.000000000000000000e+00	1.585107960000000000e+08
8.000000000000000000e+00	1.585726190000000000e+08
1.000000000000000000e+00	1.586831090000000000e+08
8.000000000000000000e+00	1.587250510000000000e+08
1.000000000000000000e+00	1.588291940000000000e+08
2.000000000000000000e+00	1.589255720000000000e+08
0.000000000000000000e+00	1.589771900000000000e+08
8.000000000000000000e+00	1.591448040000000000e+08
1.000000000000000000e+00	1.592642820000000000e+08
8.000000000000000000e+00	1.592697820000000000e+08
1.000000000000000000e+00	1.592730660000000000e+08
2.000000000000000000e+00	1.596930730000000000e+08
8.000000000000000000e+00	1.597613430000000000e+08
2.000000000000000000e+00	1.603070840000000000e+08
7.000000000000000000e+00	1.604066070000000000e+08
3.000000000000000000e+00	1.605477380000000000e+08
2.000000000000000000e+00	1.605796980000000000e+08
7.000000000000000000e+00	1.605817310000000000e+08
2.000000000000000000e+00	1.606088930000000000e+08
8.000000000000000000e+00	1.607076330000000000e+08
7.000000000000000000e+00	1.611945420000000000e+08
1.000000000000000000e+00	1.614823450000000000e+08
8.000000000000000000e+00	1.615243950000000000e+08
1.000000000000000000e+00	1.616195610000000000e+08
8.000000000000000000e+00	1.616218520000000000e+08
1.000000000000000000e+00	1.620888300000000000e+08
8.000000000000000000e+00	1.623837520000000000e+08
1.000000000000000000e+00	1.632400540000000000e+08
8.000000000000000000e+00	1.636173960000000000e+08
0.000000000000000000e+00	1.636280800000000000e+08
1.000000000000000000e+00	1.645901450000000000e+08
0.000000000000000000e+00	1.647335800000000000e+08
8.000000000000000000e+00	1.656750710000000000e+08
1.000000000000000000e+00	1.661020070000000000e+08
8.000000000000000000e+00	1.665835990000000000e+08
3.000000000000000000e+00	1.672758660000000000e+08
2.000000000000000000e+00	1.678950190000000000e+08
8.000000000000000000e+00	1.679145170000000000e+08
2.000000000000000000e+00	1.685967450000000000e+08
8.000000000000000000e+00	1.688674530000000000e+08
2.000000000000000000e+00	1.706735090000000000e+08
4.000000000000000000e+00	1.708568700000000000e+08
1.000000000000000000e+00	1.709583690000000000e+08
8.000000000000000000e+00	1.710660970000000000e+08
1.000000000000000000e+00	1.711041460000000000e+08
8.000000000000000000e+00	1.711061110000000000e+08
1.000000000000000000e+00	1.711313220000000000e+08
2.000000000000000000e+00	1.711351470000000000e+08
8.000000000000000000e+00	1.711607430000000000e+08
2.000000000000000000e+00	1.713138420000000000e+08
0.000000000000000000e+00	1.715320690000000000e+08
7.000000000000000000e+00	1.716870530000000000e+08
8.000000000000000000e+00	1.719038970000000000e+08
1.000000000000000000e+00	1.720076080000000000e+08
8.000000000000000000e+00	1.720490870000000000e+08
3.000000000000000000e+00	1.723749530000000000e+08
7.000000000000000000e+00	1.723972830000000000e+08
0.000000000000000000e+00	1.723983620000000000e+08
7.000000000000000000e+00	1.723986070000000000e+08
8.000000000000000000e+00	1.724085160000000000e+08
0.000000000000000000e+00	1.725438120000000000e+08
3.000000000000000000e+00	1.729670460000000000e+08
8.000000000000000000e+00	1.729717000000000000e+08
2.000000000000000000e+00	1.734178430000000000e+08
8.000000000000000000e+00	1.734649680000000000e+08
2.000000000000000000e+00	1.734753590000000000e+08
8.000000000000000000e+00	1.737547290000000000e+08
1.000000000000000000e+00	1.746713830000000000e+08
2.000000000000000000e+00	1.746783720000000000e+08
1.000000000000000000e+00	1.746840200000000000e+08
8.000000000000000000e+00	1.747374580000000000e+08
1.000000000000000000e+00	1.749505120000000000e+08
2.000000000000000000e+00	1.762120480000000000e+08
8.000000000000000000e+00	1.762708490000000000e+08
3.000000000000000000e+00	1.770691860000000000e+08
7.000000000000000000e+00	1.770758640000000000e+08
0.000000000000000000e+00	1.771132890000000000e+08
7.000000000000000000e+00	1.773090840000000000e+08
0.000000000000000000e+00	1.774350770000000000e+08
7.000000000000000000e+00	1.775802780000000000e+08
8.000000000000000000e+00	1.779165400000000000e+08
1.000000000000000000e+00	1.781055250000000000e+08
4.000000000000000000e+00	1.785390880000000000e+08
7.000000000000000000e+00	1.785861810000000000e+08
4.000000000000000000e+00	1.793675050000000000e+08
7.000000000000000000e+00	1.797915750000000000e+08
2.000000000000000000e+00	1.797956800000000000e+08
7.000000000000000000e+00	1.797962230000000000e+08
2.000000000000000000e+00	1.798597880000000000e+08
7.000000000000000000e+00	1.812892520000000000e+08
4.000000000000000000e+00	1.812937590000000000e+08
2.000000000000000000e+00	1.813776170000000000e+08
8.000000000000000000e+00	1.814232410000000000e+08
0.000000000000000000e+00	1.814338100000000000e+08
8.000000000000000000e+00	1.814588180000000000e+08
1.000000000000000000e+00	1.816384130000000000e+08
2.000000000000000000e+00	1.822647900000000000e+08
8.000000000000000000e+00	1.823125900000000000e+08
4.000000000000000000e+00	1.823164600000000000e+08
8.000000000000000000e+00	1.823355680000000000e+08
2.000000000000000000e+00	1.824267590000000000e+08
8.000000000000000000e+00	1.824274850000000000e+08
2.000000000000000000e+00	1.830801840000000000e+08
8.000000000000000000e+00	1.832071800000000000e+08
3.000000000000000000e+00	1.838356100000000000e+08
4.000000000000000000e+00	1.841193070000000000e+08
2.000000000000000000e+00	1.841399190000000000e+08
8.000000000000000000e+00	1.841687800000000000e+08
2.000000000000000000e+00	1.843109760000000000e+08
8.000000000000000000e+00	1.843233130000000000e+08
2.000000000000000000e+00	1.844324440000000000e+08
8.000000000000000000e+00	1.844784040000000000e+08
2.000000000000000000e+00	1.844903450000000000e+08
0.000000000000000000e+00	1.844977980000000000e+08
8.000000000000000000e+00	1.844991870000000000e+08
2.000000000000000000e+00	1.845175610000000000e+08
8.000000000000000000e+00	1.845227180000000000e+08
2.000000000000000000e+00	1.845902860000000000e+08
8.000000000000000000e+00	1.852599170000000000e+08
2.000000000000000000e+00	1.852654190000000000e+08
8.000000000000000000e+00	1.853522690000000000e+08
2.000000000000000000e+00	1.854178420000000000e+08
7.000000000000000000e+00	1.855492840000000000e+08
1.000000000000000000e+00	1.855498000000000000e+08
4.000000000000000000e+00	1.859438180000000000e+08
7.000000000000000000e+00	1.859767010000000000e+08
4.000000000000000000e+00	1.859805510000000000e+08
2.000000000000000000e+00	1.859806560000000000e+08
4.000000000000000000e+00	1.860077900000000000e+08
7.000000000000000000e+00	1.860592370000000000e+08
0.000000000000000000e+00	1.860641340000000000e+08
2.000000000000000000e+00	1.860716040000000000e+08
4.000000000000000000e+00	1.861035480000000000e+08
7.000000000000000000e+00	1.861035630000000000e+08
3.000000000000000000e+00	1.862314820000000000e+08
2.000000000000000000e+00	1.863551940000000000e+08
3.000000000000000000e+00	1.863556350000000000e+08
2.000000000000000000e+00	1.867061050000000000e+08
8.000000000000000000e+00	1.867102880000000000e+08
3.000000000000000000e+00	1.867841090000000000e+08
4.000000000000000000e+00	1.868160930000000000e+08
3.000000000000000000e+00	1.870771820000000000e+08
8.000000000000000000e+00	1.870956760000000000e+08
1.000000000000000000e+00	1.872212680000000000e+08
8.000000000000000000e+00	1.873142490000000000e+08
1.000000000000000000e+00	1.873296360000000000e+08
3.000000000000000000e+00	1.873494810000000000e+08
4.000000000000000000e+00	1.873995670000000000e+08
2.000000000000000000e+00	1.874142930000000000e+08
3.000000000000000000e+00	1.874683910000000000e+08
4.000000000000000000e+00	1.878406920000000000e+08
2.000000000000000000e+00	1.879372800000000000e+08
8.000000000000000000e+00	1.880097560000000000e+08
2.000000000000000000e+00	1.880704870000000000e+08
8.000000000000000000e+00	1.881792210000000000e+08
1.000000000000000000e+00	1.882021320000000000e+08
8.000000000000000000e+00	1.882065520000000000e+08
2.000000000000000000e+00	1.882354940000000000e+08
8.000000000000000000e+00	1.882390830000000000e+08
4.000000000000000000e+00	1.883958040000000000e+08
7.000000000000000000e+00	1.884777060000000000e+08
3.000000000000000000e+00	1.885900820000000000e+08
4.000000000000000000e+00	1.887902970000000000e+08
1.000000000000000000e+00	1.888582940000000000e+08
2.000000000000000000e+00	1.889453790000000000e+08
8.000000000000000000e+00	1.890874650000000000e+08
4.000000000000000000e+00	1.891039220000000000e+08
7.000000000000000000e+00	1.892114350000000000e+08
4.000000000000000000e+00	1.893821510000000000e+08
2.000000000000000000e+00	1.894831460000000000e+08
8.000000000000000000e+00	1.894911250000000000e+08
1.000000000000000000e+00	1.895556220000000000e+08
8.000000000000000000e+00	1.895560480000000000e+08
1.000000000000000000e+00	1.895560990000000000e+08
3.000000000000000000e+00	1.895595160000000000e+08
4.000000000000000000e+00	1.896639720000000000e+08
2.000000000000000000e+00	1.898357270000000000e+08
1.000000000000000000e+00	1.898458280000000000e+08
2.000000000000000000e+00	1.898472410000000000e+08
1.000000000000000000e+00	1.898475800000000000e+08
2.000000000000000000e+00	1.898949480000000000e+08
1.000000000000000000e+00	1.898952800000000000e+08
2.000000000000000000e+00	1.898965770000000000e+08
1.000000000000000000e+00	1.900364130000000000e+08
2.000000000000000000e+00	1.902237180000000000e+08
1.000000000000000000e+00	1.905309550000000000e+08
8.000000000000000000e+00	1.905850530000000000e+08
1.000000000000000000e+00	1.905853720000000000e+08
8.000000000000000000e+00	1.905863340000000000e+08
1.000000000000000000e+00	1.907234950000000000e+08
3.000000000000000000e+00	1.907271670000000000e+08
4.000000000000000000e+00	1.911587860000000000e+08
2.000000000000000000e+00	1.917454530000000000e+08
8.000000000000000000e+00	1.918436520000000000e+08
2.000000000000000000e+00	1.918439940000000000e+08
8.000000000000000000e+00	1.918642630000000000e+08
2.000000000000000000e+00	1.918785960000000000e+08
3.000000000000000000e+00	1.920521090000000000e+08
4.000000000000000000e+00	1.920574970000000000e+08
3.000000000000000000e+00	1.920959320000000000e+08
1.000000000000000000e+00	1.921020420000000000e+08
3.000000000000000000e+00	1.923441060000000000e+08
4.000000000000000000e+00	1.926122840000000000e+08
1.000000000000000000e+00	1.927577830000000000e+08
8.000000000000000000e+00	1.927661850000000000e+08
1.000000000000000000e+00	1.930553070000000000e+08
2.000000000000000000e+00	1.930569200000000000e+08
8.000000000000000000e+00	1.930585910000000000e+08
2.000000000000000000e+00	1.931019750000000000e+08
8.000000000000000000e+00	1.931366260000000000e+08
2.000000000000000000e+00	1.932244630000000000e+08
8.000000000000000000e+00	1.932836310000000000e+08
1.000000000000000000e+00	1.934510100000000000e+08
3.000000000000000000e+00	1.935915800000000000e+08
4.000000000000000000e+00	1.936378610000000000e+08
2.000000000000000000e+00	1.936825570000000000e+08
3.000000000000000000e+00	1.937203910000000000e+08
2.000000000000000000e+00	1.937227590000000000e+08
1.000000000000000000e+00	1.937228090000000000e+08
2.000000000000000000e+00	1.937352120000000000e+08
1.000000000000000000e+00	1.937407320000000000e+08
2.000000000000000000e+00	1.937424560000000000e+08
1.000000000000000000e+00	1.937480130000000000e+08
2.000000000000000000e+00	1.937660860000000000e+08
7.000000000000000000e+00	1.938049910000000000e+08
4.000000000000000000e+00	1.938424820000000000e+08
7.000000000000000000e+00	1.938451010000000000e+08
4.000000000000000000e+00	1.938458570000000000e+08
3.000000000000000000e+00	1.938889540000000000e+08
1.000000000000000000e+00	1.939055070000000000e+08
3.000000000000000000e+00	1.939432580000000000e+08
4.000000000000000000e+00	1.939626890000000000e+08
2.000000000000000000e+00	1.939632710000000000e+08
8.000000000000000000e+00	1.939652600000000000e+08
3.000000000000000000e+00	1.939844700000000000e+08
4.000000000000000000e+00	1.940042520000000000e+08
2.000000000000000000e+00	1.940911040000000000e+08
8.000000000000000000e+00	1.940916840000000000e+08
1.000000000000000000e+00	1.947354740000000000e+08
8.000000000000000000e+00	1.947406260000000000e+08
2.000000000000000000e+00	1.947412970000000000e+08
8.000000000000000000e+00	1.947567910000000000e+08
2.000000000000000000e+00	1.953198340000000000e+08
3.000000000000000000e+00	1.953222460000000000e+08
7.000000000000000000e+00	1.953405930000000000e+08
2.000000000000000000e+00	1.955424240000000000e+08
8.000000000000000000e+00	1.955465880000000000e+08
2.000000000000000000e+00	1.955758450000000000e+08
8.000000000000000000e+00	1.959549680000000000e+08
2.000000000000000000e+00	1.963973200000000000e+08
4.000000000000000000e+00	1.971835450000000000e+08
1.000000000000000000e+00	1.971838270000000000e+08
4.000000000000000000e+00	1.971846800000000000e+08
1.000000000000000000e+00	1.971852040000000000e+08
4.000000000000000000e+00	1.971852480000000000e+08
1.000000000000000000e+00	1.971870010000000000e+08
4.000000000000000000e+00	1.972630520000000000e+08
3.000000000000000000e+00	1.973019720000000000e+08
1.000000000000000000e+00	1.973026520000000000e+08
3.000000000000000000e+00	1.973034530000000000e+08
1.000000000000000000e+00	1.973035790000000000e+08
3.000000000000000000e+00	1.973054840000000000e+08
1.000000000000000000e+00	1.973059450000000000e+08
3.000000000000000000e+00	1.973060570000000000e+08
4.000000000000000000e+00	1.975649280000000000e+08
7.000000000000000000e+00	1.978719960000000000e+08
4.000000000000000000e+00	1.978745280000000000e+08
